<?xml version="1.0"?>
<opencv_storage>
<Camera_Matrix type_id="opencv-matrix">
  <rows>3</rows>
  <cols>3</cols>
  <dt>d</dt>
  <data>
    4.7502495393262143e+04 0. 1.2968528661551802e+03 0.
    4.6938445315056611e+04 9.7197963366189890e+02 0. 0. 1.</data></Camera_Matrix>
<Distortion_Coefficients type_id="opencv-matrix">
  <rows>14</rows>
  <cols>1</cols>
  <dt>d</dt>
  <data>
    -1.4518235585757145e+01 3.8849985691953229e+03
    -9.3365083735418263e-03 8.0683119378713525e-04
    5.5630869044475251e+00 1.4545832075095225e+01
    -3.8603704150573603e+03 -5.5361599720107710e+00 0. 0. 0. 0. 0. 0.</data></Distortion_Coefficients>
</opencv_storage>
